
GRATaxDue = 630484.4999999999
GRATaxToDate = 779662.7999999999
GRATaxPercentage = 10
GRAQuietMode = 1
